820
660
726
341
890
821
626
671
665
1776
394
723
266
252
240
3286
624
2086
307
415
1140
645
487
890
311
621
2592
328
825
943
447
259
450
626
518
1097
284
424
323
315
256
595
203
1223
368
370
363
1288
735
1458
1100
301
420
373
464
1755
287
741
917
356
353
532
511
892
971
520
821
383
484
633
1479
305
1898
497
424
1007
782
342
1123
1000
894
1218
544
437
759
343
1370
259
1541
497
623
270
434
297
839
778
1654
295
1503
477
757
920
481
954
1182
805
739
511
501
552
1125
420
453
348
338
539
322
911
1257
179
634
298
1243
1390
1436
314
1360
1138
809
966
636
600
977
447
1005
410
298
1058
898
343
657
1114
2384
527
460
281
423
452
1189
339
1103
443
1600
262
281
465
264
373
212
1275
1204
925
2282
1038
317
600
315
199
1644
1394
663
497
559
261
734
716
291
1244
340
1005
221
1246
351
542
1946
1129
287
1987
426
395
720
2103
674
685
1674
430
274
566
707
702
333
1030
314
220
947
291
643
516
456
1059
217
1089
896
1038
948
567
366
620
516
200
1477
225
414
344
212
782
179
346
962
754
2807
871
621
303
500
1610
346
306
536
415
480
1080
873
869
321
1759
928
707
744
308
318
1075
1519
1998
435
2172
417
3079
1627
598
362
234
434
216
739
770
400
198
775
1178
309
189
220
1611
523
304
292
587
511
907
520
1148
196
371
481
429
745
240
1245
288
290
919
261
221
293
578
318
1415
2255
333
349
274
881
318
365
283
1081
421
1054
799
364
588
653
1428
349
179
483
716
272
2540
827
651
470
400
1397
267
375
426
1106
886
509
340
212
386
265
387
212
1200
920
1079
1253
1534
501
2330
325
954
849
781
471
273
215
404
1797
601
665
374
506
522
732
1509
1527
743
2117
257
1758
1152
754
687
597
1529
459
477
295
209
968
305
1017
903
2958
642
401
280
521
273
419
375
524
730
830
196
386
991
512
540
1699
749
650
286
1898
1275
1670
653
705
383
364
1197
651
2013
1154
516
890
619
310
1071
501
852
238
307
342
198
1007
899
680
908
511
426
585
860
209
427
307
790
550
270
393
1304
488
1768
331
237
610
1118
1137
292
689
302
1793
1874
2124
518
550
1413
486
607
342
408
200
212
567
931
921
400
888
1365
1666
2017
950
876
215
2452
885
878
186
1043
302
311
281
2716
796
678
629
251
669
347
576
535
1905
1201
249
308
457
340
474
426
821
256
706
268
754
465
916
180
447
381
489
471
300
860
276
535
559
533
1064
653
818
550
393
612
430
1346
200
390
475
963
872
608
1497
416
1368
539
1327
419
275
673
645
325
759
254
1730
1259
300
987
312
246
880
1439
481
533
738
1244
405
168
324
465
3494
205
399
1033
521
932
406
618
1139
551
502
566
556
465
325
2610
517
850
1147
407
1326
1320
471
248
257
724
356
386
614
318
606
732
804
535
298
246
496
349
921
346
922
930
209
209
361
851
2547
801
487
406
501
642
472
1054
554
1310
271
878
1993
409
274
262
328
731
1399
571
310
828
430
475
1457
214
284
856
294
276
242
1119
1511
919
450
630
484
432
773
333
334
212
221
180
1899
795
224
339
590
232
1786
1010
265
262
172
555
298
323
456
1852
269
242
215
859
544
795
851
2324
1054
859
1140
250
893
1393
282
1281
721
1446
289
252
306
904
323
279
760
231
384
348
754
1385
361
1474
293
272
197
288
596
246
265
338
268
820
947
560
576
623
2176
886
1449
644
752
1649
545
715
232
634
666
400
919
291
808
529
226
1387
781
326
447
356
766
238
518
540
403
867
1093
839
1123
483
892
790
274
728
565
296
1829
1525
1326
573
1300
479
340
658
639
424
403
818
643
672
491
1007
832
340
458
1974
650
571
371
2023
486
1063
254
809
1820
548
430
204
232
2349
616
300
646
221
512
304
551
1199
249
1388
778
201
390
256
1100
402
1773
459
2014
1035
581
1575
384
1984
211
399
360
1175
755
1610
399
751
500
717
390
1740
465
848
345
403
398
330
714
439
1343
1387
1736
551
277
189
580
803
958
214
1851
1139
1346
543
370
349
531
619
588
619
1479
2445
796
625
1526
885
768
1153
886
1449
651
1006
1261
785
297
216
445
365
286
792
387
2214
480
681
356
328
508
1449
948
542
242
374
701
2227
362
465
502
633
1111
768
769
883
1388
287
1152
353
524
1533
225
430
608
698
973
654
373
2597
852
374
269
336
869
476
439
285
1164
1024
192
444
312
467
1066
371
963
464
378
1310
1515
1540
694
843
392
247
198
450
3160
984
1620
632
528
486
1001
319
261
502
776
400
351
542
1428
1563
641
463
567
842
1133
430
1454
261
1324
226
586
1498
636
636
666
598
1270
467
581
272
753
385
353
267
364
861
336
260
978
1391
771
527
263
1113
468
1747
396
968
1302
310
257
586
525
790
646
1092
523
779
697
912
1458
471
262
679
858
299
1036
876
458
242
444
1231
470
559
214
1989
371
398
479
413
718
391
1500
443
410
444
2013
353
354
601
250
285
345
1358
254
391
438
523
318
489
267
1167
322
1119
228
718
407
1501
1052
610
659
591
337
242
734
1811
743
380
1060
251
792
307
259
324
1888
1042
1443
412
382
2332
291
301
1631
1885
249
424
950
267
324
1034
334
637
373
1314
546
933
209
783
795
1018
1474
360
697
682
872
498
616
308
704
641
756
445
947
322
1466
301
476
497
202
782
376
1004
222
749
744
769
1074
615
264
766
526
775
440
481
342
383
1076
678
909
540
1504
1380
272
298
553
596
303
1093
462
1596
275
470
591
590
717
413
331
515
840
758
498
322
569
1056
2011
232
346
1091
460
3163
416
473
547
3002
468
1088
441
738
902
2447
772
828
595
302
1300
387
1332
473
565
677
1224
1993
714
1026
415
474
653
640
270
403
246
253
188
632
2142
1606
618
1335
1539
548
1718
733
337
949
354
445
306
1359
230
2084
289
1696
373
217
1341
450
1441
1959
254
532
1741
445
685
214
1239
3275
275
305
319
561
255
1750
277
1244
1096
353
1264
929
344
408
821
1282
265
372
765
910
696
902
282
343
471
818
285
449
457
409
493
704
473
504
438
491
782
276
356
1360
503
1183
742
980
185
842
235
1570
606
1544
333
410
1224
720
290
201
871
1235
413
747
1999
276
1163
653
449
615
321
1782
780
1577
710
196
211
1070
1022
556
226
1096
194
1689
1298
2074
387
308
892
678
797
2538
300
212
669
884
328
1503
1291
414
568
213
1281
781
209
1624
671
644
2248
833
555
561
725
1465
742
190
713
453
622
752
1307
372
250
296
585
1259
1219
395
608
808
750
208
457
893
329
345
674
1072
770
446
2044
1663
949
1620
817
315
189
244
546
314
472
1146
697
1126
459
542
653
791
588
869
2839
829
288
268
1312
847
613
394
358
429
626
451
956
193
697
196
298
539
654
685
819
836
1515
1625
1015
1141
1305
229
1004
547
207
489
272
440
2001
323
748
439
633
736
603
582
274
2247
292
1434
1737
1016
385
181
392
423
602
456
974
486
437
482
321
702
659
288
328
475
350
689
622
385
848
985
563
350
1213
1607
508
519
697
1195
465
295
698
661
642
259
194
774
673
220
654
1233
260
589
889
380
618
634
236
503
353
1634
1016
1094
793
485
350
2510
333
670
490
670
1033
627
980
241
1781
428
653
215
590
376
568
438
1438
625
306
508
234
569
854
372
633
393
575
661
178
214
1242
326
498
780
898
739
462
403
474
491
1141
447
376
509
327
301
803
1682
306
763
1795
481
456
277
561
505
284
336
1023
978
683
593
313
863
1042
533
1666
224
237
209
2145
866
1180
411
1146
830
219
352
3389
917
1130
388
277
1509
709
467
263
303
806
397
671
688
417
782
627
723
450
812
521
313
681
275
753
585
554
296
2304
1252
1656
473
1340
237
596
620
281
506
216
786
844
558
715
762
600
402
481
735
676
832
873
329
199
312
495
411
1672
477
1997
476
1014
464
265
589
1317
427
389
528
1517
213
329
1163
323
1247
253
328
1112
270
423
282
287
268
736
577
616
369
401
1605
334
1271
221
676
276
735
266
396
1466
758
978
891
588
290
332
523
305
788
436
862
648
1102
852
1418
2710
1650
338
547
504
352
1212
1461
845
451
259
451
639
1151
493
885
288
352
190
335
1259
1393
384
294
1201
655
585
801
1411
287
433
823
263
410
270
604
237
394
656
740
1622
294
974
262
780
347
1400
373
1517
753
752
1197
483
1430
235
601
193
1042
576
852
512
1657
487
147
919
928
391
1124
773
510
251
999
1598
266
389
1670
513
510
1854
562
396
354
1497
1080
1116
362
295
692
246
398
506
799
226
352
336
312
410
363
583
376
1211
780
637
575
1404
505
506
296
198
1438
922
1301
227
376
1480
460
572
498
1187
1404
476
681
232
2080
523
1264
231
1416
955
859
202
501
310
769
534
811
242
2912
304
2133
999
390
1501
800
432
746
2100
1861
745
211
722
551
998
324
1143
487
426
1458
564
269
418
161
469
614
827
609
291
252
314
239
824
1343
339
1318
1402
262
451
294
965
322
489
487
327
503
611
486
1501
2856
705
492
222
2034
1083
356
1071
1448
892
634
614
395
497
2004
742
554
462
328
788
1127
1979
545
693
237
314
808
269
785
586
1493
1285
302
216
477
570
369
357
613
1199
1494
167
457
1524
687
1571
769
662
1413
435
739
264
726
1088
823
349
1160
2372
396
2054
927
797
2751
498
389
567
906
251
1423
237
1054
458
671
878
2234
413
468
1079
828
1299
453
1259
509
207
289
284
564
374
360
429
321
379
475
307
507
560
403
1017
268
677
473
398
749
635
1115
471
275
521
224
1672
221
415
617
635
396
411
1522
577
435
745
488
2000
1354
578
127
552
492
1249
346
401
1007
1211
282
1050
544
1670
312
1294
679
393
1130
970
661
913
713
661
621
1772
509
267
680
789
492
400
1357
423
959
1727
449
516
625
544
544
269
604
496
770
260
1543
586
895
388
269
258
623
1017
1140
328
580
1153
1158
359
672
1813
410
269
272
1445
484
264
534
534
1378
594
234
361
1190
1131
604
579
236
294
265
237
348
194
1574
282
2614
247
1224
389
382
2840
986
379
2612
579
1188
980
326
500
1183
330
220
350
283
1058
657
879
250
188
552
1200
296
917
589
140
2146
669
1907
1010
233
499
1294
334
431
1056
2062
613
570
457
395
323
453
2089
408
875
873
587
326
1088
455
449
503
1057
660
446
557
790
1627
651
714
448
1290
650
770
1470
527
306
1047
284
368
998
241
1053
232
366
755
1285
233
838
588
1162
1259
627
2052
374
523
1194
372
287
985
215
368
536
328
1429
216
379
1369
1572
274
391
851
330
479
1795
2243
228
986
292
1026
331
1283
1095
1047
369
1901
487
823
232
810
532
337
807
515
438
283
264
1040
368
216
1762
317
338
556
396
505
512
292
1695
1260
345
942
308
294
474
780
1422
824
361
1205
407
331
837
475
504
363
1067
947
608
420
314
441
220
471
397
1990
1332
1193
680
1316
546
1021
700
2149
1602
577
782
961
544
306
1274
525
243
541
583
333
467
519
357
1668
438
521
2031
2208
2365
1047
1007
395
979
351
690
260
269
1242
543
1871
982
1589
309
239
328
757
485
575
477
961
962
427
535
985
614
1124
409
805
704
1408
1089
914
992
890
610
2036
1720
561
230
729
746
654
325
1071
510
271
626
1377
232
799
501
510
328
1092
1456
1989
490
643
371
382
331
353
460
1137
538
649
430
498
1505
1330
463
2483
1168
613
309
612
1283
420
698
1224
654
421
509
531
791
1019
839
394
2148
2825
531
256
1168
996
373
605
1709
1159
739
1167
1362
213
611
330
704
207
576
622
1394
329
1105
1677
365
583
521
439
729
306
237
793
711
511
270
466
482
382
2443
671
959
786
302
530
724
1470
328
549
1024
266
560
709
1794
1386
304
1605
293
702
335
241
273
645
422
935
774
635
849
1107
407
700
325
358
2063
1101
212
461
1463
385
1638
554
715
244
1202
1235
237
1394
1586
488
307
512
222
211
300
547
381
326
476
497
699
340
730
336
821
970
695
1550
537
410
889
374
294
1112
878
1207
1200
1853
315
413
863
654
266
305
1176
1104
345
748
416
997
2026
555
610
710
436
472
2562
325
527
402
364
749
1658
205
1132
242
474
523
896
553
708
632
661
479
1450
799
579
494
1184
640
1054
229
2219
220
369
393
386
259
447
1000
1389
1421
1143
541
715
506
355
204
1840
925
747
881
779
496
959
1034
840
751
772
1242
209
735
932
548
807
209
3060
952
374
784
680
461
2096
1363
428
421
731
781
921
661
986
257
1240
216
532
537
1265
754
369
474
1273
443
382
530
549
606
318
447
566
428
1434
295
249
395
355
954
1174
429
735
1442
1646
1611
1969
275
611
1488
303
480
919
222
255
385
215
357
2054
1270
877
627
462
279
1725
698
1242
2839
901
499
1028
554
